NULL:1.6129032258064515
None:12.903225806451612
Radar:1.6129032258064515
Loop:38.70967741935484
Loop/None:3.225806451612903
SPACE:1.6129032258064515
Loop/Video:6.451612903225806
Video:33.87096774193548
