Loop/Video:6.666666666666667
Radar:1.6666666666666667
Loop:40.0
None:13.333333333333334
Loop/None:3.3333333333333335
Video:35.0
