Video:33.87096774193548
Radar:1.6129032258064515
Loop/Video:6.451612903225806
Loop:38.70967741935484
:3.225806451612903
Loop/None:3.225806451612903
None:12.903225806451612
